0.995555 0.000010 0.000010 0.004425
0.999970 0.000010 0.000010 0.000010
0.016592 0.619780 0.353162 0.010466
0.000010 0.000010 0.116771 0.883209
0.000010 0.024012 0.217663 0.758315
0.000010 0.004085 0.158153 0.837752
0.000010 0.497360 0.470228 0.032402
0.000010 0.000010 0.999970 0.000010
0.000015 0.000010 0.107687 0.892287
0.000010 0.046703 0.261652 0.691635
0.193520 0.000018 0.000010 0.806452
0.216071 0.000020 0.000010 0.783899
0.999970 0.000010 0.000010 0.000010
0.819526 0.000010 0.000010 0.180454
0.000010 0.033621 0.966359 0.000010
0.000010 0.000019 0.999961 0.000010
0.000010 0.999965 0.000015 0.000010
0.000010 0.223498 0.498300 0.278192
0.000010 0.000010 0.999970 0.000010
0.000010 0.079800 0.338359 0.581831
0.156613 0.071641 0.000010 0.771736
0.000010 0.283041 0.716939 0.000010
0.000012 0.281753 0.718225 0.000010
0.000010 0.033882 0.966098 0.000010
0.000010 0.028821 0.971159 0.000010
0.000010 0.029314 0.236894 0.733781
0.000010 0.000010 0.247973 0.752007
0.000010 0.000010 0.999970 0.000010
0.000010 0.000010 0.999970 0.000010
0.000010 0.015547 0.984433 0.000010
0.157325 0.051449 0.000010 0.791216
0.000010 0.214828 0.785152 0.000010
0.999970 0.000010 0.000010 0.000010
0.214149 0.361243 0.185525 0.239084
0.000014 0.000018 0.999958 0.000010
0.000010 0.532274 0.434873 0.032843
0.000010 0.535851 0.435472 0.028666
0.000010 0.500979 0.469597 0.029413
0.000011 0.000010 0.000010 0.999969
0.000010 0.537538 0.432383 0.030069
0.999966 0.000010 0.000014 0.000010
0.000010 0.999970 0.000010 0.000010
0.000010 0.999970 0.000010 0.000010
0.000010 0.000010 0.999970 0.000010
0.000010 0.000010 0.999970 0.000010
0.000010 0.470455 0.506877 0.022658
0.000010 0.002643 0.204264 0.793083
0.000016 0.000010 0.000010 0.999964
0.000010 0.000010 0.999970 0.000010
0.000010 0.200096 0.799884 0.000010
0.752668 0.000010 0.000010 0.247312
0.000010 0.999970 0.000010 0.000010
0.000010 0.999970 0.000010 0.000010
0.212990 0.348973 0.192972 0.245065
0.000010 0.999970 0.000010 0.000010
0.000010 0.000010 0.999970 0.000010
0.000010 0.522509 0.427480 0.050001
0.000010 0.509587 0.438958 0.051445
0.000010 0.537863 0.426418 0.035709
0.194231 0.000010 0.000010 0.805749
0.000015 0.184441 0.815534 0.000010
0.024736 0.637960 0.321994 0.015309
0.000010 0.679682 0.320298 0.000010
0.000010 0.000010 0.999970 0.000010
0.000010 0.245787 0.491512 0.262691
0.000010 0.485105 0.440110 0.074775
0.000018 0.000010 0.000010 0.999962
0.000010 0.000010 0.000010 0.999970
0.000010 0.071828 0.349719 0.578443
0.000010 0.685117 0.314863 0.000010
0.000010 0.686544 0.313436 0.000010
0.236015 0.000014 0.000010 0.763962
0.594151 0.000010 0.000010 0.405829
0.000010 0.522167 0.400188 0.077635
0.000010 0.000010 0.999970 0.000010
0.000016 0.000010 0.000010 0.999964
0.000010 0.000010 0.999970 0.000010
0.000010 0.000014 0.999966 0.000010
0.000010 0.000010 0.000010 0.999970
0.000010 0.999970 0.000010 0.000010
0.318704 0.419094 0.118435 0.143767
0.315259 0.417933 0.118123 0.148685
0.000010 0.501477 0.433643 0.064871
0.000010 0.000010 0.000010 0.999970
0.000010 0.000010 0.999970 0.000010
0.000010 0.000010 0.000010 0.999970
0.000010 0.000010 0.000010 0.999970
0.000010 0.054264 0.358400 0.587326
0.000010 0.062455 0.365760 0.571774
0.000010 0.588500 0.376966 0.034524
0.000019 0.691824 0.308147 0.000010
0.050859 0.217888 0.158306 0.572947
0.000010 0.274352 0.459862 0.265777
0.000010 0.565175 0.398082 0.036733
0.000010 0.041922 0.282403 0.675665
0.000010 0.000010 0.999970 0.000010
0.000010 0.000010 0.000010 0.999970
0.000010 0.000010 0.000010 0.999970
