0.000010 0.000010 0.000010 0.999950 0.000010 0.000010
0.000010 0.000010 0.000010 0.999950 0.000010 0.000010
0.361805 0.000010 0.000010 0.000010 0.307142 0.331022
0.000010 0.375821 0.624138 0.000010 0.000011 0.000010
0.000010 0.705831 0.294123 0.000010 0.000016 0.000010
0.000010 0.505654 0.494306 0.000010 0.000010 0.000010
0.500712 0.000010 0.000011 0.000010 0.139706 0.359551
0.999950 0.000010 0.000010 0.000010 0.000010 0.000010
0.000011 0.353502 0.646457 0.000010 0.000010 0.000010
0.000010 0.820776 0.179184 0.000010 0.000010 0.000010
0.000010 0.000010 0.853133 0.146827 0.000010 0.000010
0.000010 0.000010 0.837500 0.162460 0.000010 0.000010
0.000010 0.000010 0.000010 0.999950 0.000010 0.000010
0.000010 0.000010 0.162171 0.837789 0.000010 0.000010
0.990086 0.000010 0.000010 0.000010 0.009874 0.000010
0.999948 0.000010 0.000010 0.000012 0.000010 0.000010
0.000010 0.000010 0.000010 0.000010 0.999950 0.000010
0.344335 0.497481 0.000010 0.000010 0.035296 0.122868
0.999950 0.000010 0.000010 0.000010 0.000010 0.000010
0.000010 0.999950 0.000010 0.000010 0.000010 0.000010
0.000010 0.120170 0.719232 0.112085 0.048493 0.000010
0.743400 0.000010 0.000010 0.000010 0.221264 0.035306
0.750089 0.000010 0.000010 0.000010 0.228404 0.021477
0.996976 0.000010 0.000010 0.000010 0.002984 0.000010
0.992479 0.000010 0.000010 0.000010 0.007481 0.000010
0.000010 0.730064 0.269896 0.000010 0.000010 0.000010
0.000010 0.710381 0.289579 0.000010 0.000010 0.000010
0.999940 0.000018 0.000012 0.000010 0.000010 0.000010
0.999950 0.000010 0.000010 0.000010 0.000010 0.000010
0.999950 0.000010 0.000010 0.000010 0.000010 0.000010
0.000010 0.120910 0.737287 0.112184 0.029599 0.000010
0.801391 0.000010 0.000010 0.000010 0.198569 0.000010
0.000010 0.000010 0.000010 0.999950 0.000010 0.000010
0.000010 0.000010 0.000010 0.000010 0.000010 0.999950
0.999946 0.000014 0.000010 0.000010 0.000010 0.000010
0.462656 0.000010 0.000010 0.000010 0.158117 0.379197
0.466212 0.000010 0.000010 0.000010 0.158581 0.375177
0.501312 0.000010 0.000010 0.000010 0.149072 0.349587
0.000010 0.000010 0.999950 0.000010 0.000010 0.000010
0.462095 0.000010 0.000010 0.000010 0.161076 0.376799
0.000010 0.000010 0.000010 0.999950 0.000010 0.000010
0.000010 0.000010 0.000010 0.000010 0.999950 0.000010
0.000010 0.000010 0.000010 0.000010 0.999950 0.000010
0.999950 0.000010 0.000010 0.000010 0.000010 0.000010
0.999950 0.000010 0.000010 0.000010 0.000010 0.000010
0.536865 0.003541 0.000010 0.000010 0.155890 0.303684
0.000010 0.603272 0.396688 0.000010 0.000010 0.000010
0.000013 0.000014 0.999943 0.000010 0.000010 0.000010
0.999950 0.000010 0.000010 0.000010 0.000010 0.000010
0.813082 0.000010 0.000010 0.000010 0.186878 0.000010
0.000010 0.000010 0.260937 0.739023 0.000010 0.000010
0.000010 0.000010 0.000010 0.000010 0.999950 0.000010
0.000010 0.000010 0.000013 0.000010 0.999947 0.000010
0.000010 0.000010 0.000010 0.000010 0.000010 0.999950
0.000010 0.000010 0.000010 0.000010 0.999950 0.000010
0.999950 0.000010 0.000010 0.000010 0.000010 0.000010
0.452472 0.000010 0.000010 0.000010 0.125225 0.422273
0.468061 0.000010 0.000010 0.000010 0.131842 0.400067
0.451729 0.000010 0.000010 0.000010 0.148435 0.399807
0.000010 0.000010 0.851729 0.147879 0.000362 0.000010
0.828815 0.000010 0.000010 0.000010 0.171145 0.000010
0.317523 0.000010 0.000010 0.000010 0.264350 0.418096
0.353695 0.000010 0.000010 0.000010 0.356702 0.289573
0.999943 0.000010 0.000010 0.000017 0.000010 0.000010
0.343475 0.480083 0.000010 0.000010 0.044157 0.132264
0.460636 0.000010 0.000010 0.000010 0.110896 0.428438
0.000012 0.000010 0.999948 0.000010 0.000010 0.000010
0.000017 0.000010 0.999943 0.000010 0.000010 0.000010
0.000011 0.999949 0.000010 0.000010 0.000010 0.000010
0.327030 0.000010 0.000010 0.000010 0.322751 0.350189
0.329485 0.000010 0.000010 0.000010 0.324795 0.345690
0.000010 0.000010 0.806399 0.193561 0.000010 0.000010
0.000010 0.022873 0.382817 0.594280 0.000010 0.000010
0.419608 0.000010 0.000010 0.000010 0.124460 0.455903
0.999949 0.000010 0.000010 0.000010 0.000011 0.000010
0.000010 0.000013 0.999947 0.000010 0.000010 0.000010
0.999950 0.000010 0.000010 0.000010 0.000010 0.000010
0.999950 0.000010 0.000010 0.000010 0.000010 0.000010
0.000010 0.000010 0.999950 0.000010 0.000010 0.000010
0.000010 0.000010 0.000010 0.000013 0.999947 0.000010
0.000010 0.000010 0.000010 0.000010 0.000010 0.999950
0.000010 0.000010 0.000010 0.000010 0.000010 0.999950
0.461032 0.002938 0.000011 0.000010 0.125979 0.410029
0.000010 0.000018 0.999942 0.000010 0.000010 0.000010
0.999950 0.000010 0.000010 0.000010 0.000010 0.000010
0.000011 0.000010 0.999945 0.000010 0.000014 0.000010
0.000010 0.000010 0.999950 0.000010 0.000010 0.000010
0.000010 0.999950 0.000010 0.000010 0.000010 0.000010
0.000010 0.999950 0.000010 0.000010 0.000010 0.000010
0.378167 0.041919 0.000010 0.000010 0.288415 0.291479
0.322566 0.000010 0.000010 0.000010 0.334387 0.343017
0.000010 0.676607 0.146204 0.077211 0.099957 0.000010
0.327701 0.470868 0.000010 0.000010 0.078130 0.123281
0.432402 0.000010 0.000010 0.000010 0.183559 0.384008
0.000010 0.851823 0.148137 0.000010 0.000010 0.000010
0.999950 0.000010 0.000010 0.000010 0.000010 0.000010
0.000010 0.000010 0.999950 0.000010 0.000010 0.000010
0.000020 0.000010 0.999940 0.000010 0.000010 0.000010
