0.000010 0.999960 0.000010 0.000010 0.000010
0.000010 0.999960 0.000010 0.000010 0.000010
0.280720 0.015543 0.529687 0.174040 0.000010
0.000010 0.000010 0.041812 0.086081 0.872088
0.000010 0.000010 0.100756 0.160505 0.738719
0.000010 0.000010 0.049438 0.124902 0.825640
0.012179 0.000010 0.777842 0.209959 0.000010
0.000010 0.000010 0.069962 0.930008 0.000010
0.000010 0.000010 0.042142 0.076818 0.881020
0.000010 0.000010 0.132594 0.197274 0.670112
0.000010 0.190592 0.000010 0.000010 0.809378
0.000010 0.212544 0.000010 0.000010 0.787426
0.000010 0.999960 0.000010 0.000010 0.000010
0.000010 0.821568 0.000010 0.000010 0.178402
0.000010 0.000010 0.100000 0.899970 0.000010
0.000010 0.000010 0.000010 0.999960 0.000010
0.999960 0.000010 0.000010 0.000010 0.000010
0.000010 0.000010 0.460778 0.319327 0.219875
0.000014 0.000010 0.035818 0.964149 0.000010
0.000010 0.000010 0.230973 0.226567 0.542440
0.083357 0.135584 0.000010 0.000010 0.781039
0.230037 0.000010 0.069314 0.700630 0.000010
0.235001 0.000322 0.052871 0.711796 0.000010
0.000010 0.000010 0.103363 0.896607 0.000010
0.000010 0.000010 0.086783 0.913187 0.000010
0.000016 0.000010 0.116982 0.171642 0.711350
0.000010 0.000010 0.096791 0.175942 0.727247
0.000010 0.000010 0.000010 0.999960 0.000010
0.000010 0.000010 0.078259 0.921711 0.000010
0.000010 0.000010 0.075961 0.924009 0.000010
0.065567 0.136933 0.000010 0.000010 0.797480
0.206236 0.000010 0.000010 0.793734 0.000010
0.000010 0.999960 0.000010 0.000010 0.000010
0.000010 0.165582 0.718480 0.000010 0.115918
0.000010 0.000010 0.000010 0.999960 0.000010
0.033964 0.000010 0.790298 0.175719 0.000010
0.027167 0.000010 0.801931 0.170882 0.000010
0.024014 0.000010 0.766767 0.209200 0.000010
0.000010 0.000010 0.000010 0.000010 0.999960
0.033884 0.000010 0.802708 0.163388 0.000010
0.000010 0.999960 0.000010 0.000010 0.000010
0.999960 0.000010 0.000010 0.000010 0.000010
0.999960 0.000010 0.000010 0.000010 0.000010
0.000010 0.000010 0.000010 0.999960 0.000010
0.000010 0.000010 0.000010 0.999960 0.000010
0.046722 0.000010 0.668825 0.284433 0.000010
0.000010 0.000010 0.090644 0.139162 0.770174
0.000010 0.000010 0.000010 0.000010 0.999960
0.000010 0.000010 0.000010 0.999960 0.000010
0.193895 0.000010 0.000010 0.806075 0.000010
0.000010 0.753754 0.000010 0.000010 0.246216
0.999959 0.000010 0.000010 0.000011 0.000010
0.999960 0.000010 0.000010 0.000010 0.000010
0.000010 0.160487 0.716524 0.000010 0.122969
0.999960 0.000010 0.000010 0.000010 0.000010
0.000010 0.000010 0.043283 0.956687 0.000010
0.000011 0.000010 0.849185 0.150784 0.000010
0.000010 0.000010 0.835546 0.164424 0.000010
0.025304 0.000010 0.822148 0.152528 0.000010
0.000010 0.191400 0.000010 0.000010 0.808570
0.178304 0.000010 0.000010 0.821666 0.000010
0.229957 0.008828 0.667526 0.093679 0.000010
0.234555 0.000010 0.657532 0.107893 0.000010
0.000010 0.000010 0.000010 0.999960 0.000010
0.000015 0.000010 0.482253 0.312851 0.204871
0.000010 0.000010 0.835166 0.164804 0.000010
0.000010 0.000010 0.000010 0.000010 0.999960
0.000010 0.000010 0.000010 0.000010 0.999960
0.000010 0.000010 0.221400 0.237635 0.540945
0.277877 0.000020 0.610131 0.111962 0.000010
0.282347 0.000010 0.606217 0.111416 0.000010
0.000010 0.233772 0.000010 0.000010 0.766198
0.000010 0.595082 0.000010 0.000010 0.404888
0.000010 0.000010 0.870468 0.129502 0.000010
0.000010 0.000010 0.000010 0.999960 0.000010
0.000010 0.000010 0.000013 0.000010 0.999957
0.000010 0.000010 0.000010 0.999960 0.000010
0.000010 0.000010 0.000010 0.999960 0.000010
0.000010 0.000010 0.000010 0.000010 0.999960
0.999957 0.000010 0.000011 0.000013 0.000010
0.000010 0.321354 0.663334 0.000010 0.015292
0.000010 0.314931 0.661687 0.000010 0.023362
0.000010 0.000010 0.828373 0.171597 0.000010
0.000010 0.000010 0.000010 0.000010 0.999960
0.000010 0.000010 0.000010 0.999960 0.000010
0.000010 0.000010 0.000010 0.000010 0.999960
0.000010 0.000010 0.000010 0.000010 0.999960
0.000010 0.000010 0.208280 0.243932 0.547767
0.000010 0.000010 0.205639 0.258895 0.535447
0.254872 0.013975 0.533869 0.197274 0.000010
0.288416 0.000019 0.607966 0.103589 0.000010
0.185945 0.035106 0.038679 0.146547 0.593723
0.024949 0.000010 0.433984 0.317158 0.223899
0.051107 0.000010 0.787540 0.161333 0.000010
0.000010 0.000010 0.141481 0.207351 0.651147
0.000010 0.000010 0.000010 0.999960 0.000010
0.000010 0.000016 0.000010 0.000010 0.999954
0.000010 0.000010 0.000010 0.000010 0.999960
