0.000014 0.000010 0.162893 0.000010 0.837023 0.000010 0.000010 0.000010 0.000010 0.000010
0.000010 0.000010 0.178409 0.000014 0.821507 0.000010 0.000010 0.000010 0.000010 0.000010
0.000010 0.000010 0.000010 0.000010 0.000010 0.562552 0.437368 0.000010 0.000010 0.000010
0.000010 0.380126 0.099836 0.000010 0.000010 0.000010 0.000010 0.000010 0.519968 0.000010
0.000010 0.715403 0.024707 0.000010 0.000013 0.000010 0.000010 0.000010 0.259817 0.000010
0.000015 0.512129 0.095181 0.000010 0.000011 0.000010 0.000010 0.000010 0.392613 0.000010
0.000010 0.000010 0.000010 0.000010 0.000010 0.000010 0.741855 0.258065 0.000010 0.000010
0.000010 0.000010 0.000010 0.000010 0.000010 0.000010 0.000010 0.999910 0.000010 0.000010
0.000010 0.347662 0.000010 0.000010 0.000010 0.000010 0.000014 0.000010 0.652253 0.000010
0.000010 0.829638 0.000010 0.000010 0.000010 0.000010 0.000010 0.000010 0.170282 0.000010
0.000010 0.000010 0.999906 0.000010 0.000010 0.000011 0.000011 0.000011 0.000010 0.000010
0.000010 0.000016 0.999897 0.000011 0.000011 0.000010 0.000010 0.000015 0.000010 0.000010
0.000010 0.000010 0.157481 0.000010 0.842439 0.000010 0.000010 0.000010 0.000010 0.000010
0.000010 0.000010 0.000010 0.000010 0.769840 0.000010 0.000010 0.000010 0.230080 0.000010
0.000010 0.000010 0.000010 0.000010 0.000010 0.000010 0.000010 0.999910 0.000010 0.000010
0.000010 0.000019 0.000010 0.000010 0.000014 0.000010 0.000010 0.000010 0.000010 0.999897
0.999902 0.000016 0.000010 0.000010 0.000010 0.000010 0.000012 0.000010 0.000010 0.000010
0.000010 0.449098 0.000010 0.000010 0.000010 0.000010 0.285874 0.264955 0.000012 0.000010
0.000010 0.000010 0.000010 0.000010 0.000010 0.000010 0.000010 0.819822 0.000010 0.180098
0.000010 0.999910 0.000010 0.000010 0.000010 0.000010 0.000010 0.000010 0.000010 0.000010
0.000010 0.121798 0.878122 0.000010 0.000010 0.000010 0.000010 0.000010 0.000010 0.000010
0.000010 0.000010 0.000010 0.000010 0.000010 0.685759 0.000010 0.242241 0.000010 0.071931
0.000011 0.000013 0.000012 0.000010 0.000010 0.767004 0.000017 0.114389 0.000010 0.118525
0.000010 0.000010 0.000010 0.000010 0.000010 0.000010 0.000010 0.999910 0.000010 0.000010
0.000010 0.000010 0.000010 0.000010 0.000010 0.000010 0.000010 0.999910 0.000010 0.000010
0.000010 0.738125 0.000010 0.000010 0.000010 0.000010 0.000010 0.000010 0.261795 0.000010
0.000010 0.704617 0.000010 0.000010 0.000010 0.000010 0.000010 0.000010 0.295303 0.000010
0.000010 0.000010 0.000010 0.000010 0.000010 0.000010 0.000010 0.314964 0.000010 0.684956
0.000010 0.000010 0.000010 0.000010 0.000010 0.000010 0.000010 0.999910 0.000010 0.000010
0.000010 0.000010 0.000010 0.000010 0.000010 0.000010 0.000010 0.999910 0.000010 0.000010
0.000010 0.117776 0.882144 0.000010 0.000010 0.000010 0.000010 0.000010 0.000010 0.000010
0.000012 0.000015 0.000010 0.000010 0.000010 0.671221 0.000010 0.069665 0.000010 0.259037
0.000010 0.000010 0.000010 0.000010 0.999910 0.000010 0.000010 0.000010 0.000010 0.000010
0.000010 0.000014 0.000011 0.999896 0.000011 0.000010 0.000014 0.000014 0.000010 0.000010
0.000010 0.000010 0.000010 0.000010 0.000010 0.000010 0.000010 0.321855 0.000010 0.678065
0.000010 0.000010 0.000010 0.000012 0.000010 0.000010 0.789182 0.210736 0.000010 0.000010
0.000010 0.000010 0.000010 0.000010 0.000010 0.000010 0.793356 0.206564 0.000010 0.000010
0.000010 0.000010 0.000010 0.000010 0.000010 0.000010 0.740761 0.259159 0.000010 0.000010
0.000014 0.000020 0.000010 0.000010 0.000010 0.000010 0.000010 0.000010 0.999897 0.000010
0.000010 0.000012 0.000010 0.000010 0.000010 0.000010 0.799608 0.200310 0.000010 0.000010
0.000010 0.000010 0.000010 0.000010 0.999910 0.000010 0.000010 0.000010 0.000010 0.000010
0.999887 0.000014 0.000019 0.000015 0.000013 0.000010 0.000010 0.000010 0.000010 0.000010
0.999906 0.000010 0.000012 0.000010 0.000013 0.000010 0.000010 0.000010 0.000010 0.000010
0.000010 0.000010 0.000010 0.000010 0.000010 0.000010 0.000010 0.813265 0.000010 0.186655
0.000010 0.000010 0.000010 0.000010 0.000010 0.000010 0.000010 0.329611 0.000010 0.670309
0.008501 0.000010 0.000010 0.000010 0.000010 0.000010 0.644668 0.346761 0.000010 0.000010
0.000010 0.601868 0.000010 0.000010 0.000010 0.000010 0.000010 0.000010 0.398052 0.000010
0.000016 0.000013 0.000010 0.000010 0.000010 0.000010 0.000010 0.000010 0.999901 0.000010
0.000010 0.000010 0.000010 0.000010 0.000010 0.000010 0.000010 0.627968 0.000010 0.371952
0.000010 0.000014 0.000017 0.000010 0.000010 0.607041 0.000010 0.114078 0.000010 0.278800
0.000010 0.000010 0.348770 0.000010 0.651150 0.000010 0.000010 0.000010 0.000010 0.000010
0.999908 0.000010 0.000010 0.000011 0.000010 0.000010 0.000010 0.000010 0.000011 0.000010
0.999906 0.000011 0.000010 0.000010 0.000010 0.000013 0.000010 0.000010 0.000010 0.000010
0.000010 0.000010 0.000010 0.999906 0.000012 0.000010 0.000010 0.000010 0.000012 0.000010
0.999908 0.000010 0.000010 0.000010 0.000010 0.000012 0.000010 0.000010 0.000010 0.000010
0.000010 0.000010 0.000010 0.000010 0.000010 0.000010 0.000010 0.853806 0.000010 0.146114
0.000010 0.000010 0.000010 0.000010 0.000010 0.000010 0.816813 0.183107 0.000010 0.000010
0.000010 0.000010 0.000010 0.000010 0.000010 0.000010 0.802595 0.197325 0.000010 0.000010
0.000010 0.000010 0.000010 0.000011 0.000010 0.000010 0.808648 0.191271 0.000010 0.000010
0.000010 0.000010 0.999910 0.000010 0.000010 0.000010 0.000010 0.000010 0.000010 0.000010
0.000010 0.000019 0.000015 0.000017 0.000010 0.549490 0.000010 0.198369 0.000010 0.252051
0.000010 0.000010 0.000010 0.004795 0.000010 0.402718 0.592417 0.000010 0.000010 0.000010
0.208195 0.000010 0.000010 0.000010 0.000010 0.000010 0.658044 0.133691 0.000010 0.000010
0.000010 0.000010 0.000010 0.000010 0.000010 0.000010 0.000010 0.000010 0.000010 0.999910
0.000010 0.437158 0.000010 0.000010 0.000010 0.000010 0.298684 0.264087 0.000010 0.000010
0.000010 0.000010 0.000010 0.000010 0.000010 0.000010 0.794909 0.205011 0.000010 0.000010
0.000014 0.000013 0.000016 0.000010 0.000010 0.000010 0.000010 0.000010 0.999896 0.000010
0.000014 0.000010 0.000010 0.000010 0.000010 0.000010 0.000010 0.000010 0.999906 0.000010
0.000010 0.999910 0.000010 0.000010 0.000010 0.000010 0.000010 0.000010 0.000010 0.000010
0.026251 0.000010 0.000010 0.000010 0.000010 0.403140 0.570539 0.000010 0.000010 0.000010
0.032328 0.000010 0.000010 0.000010 0.000010 0.410756 0.556846 0.000010 0.000010 0.000010
0.000010 0.000010 0.999910 0.000010 0.000010 0.000010 0.000010 0.000010 0.000010 0.000010
0.000010 0.000010 0.000010 0.000010 0.590206 0.000010 0.000010 0.000010 0.409714 0.000010
0.000010 0.000010 0.000010 0.041404 0.000010 0.000010 0.773565 0.184961 0.000010 0.000010
0.000010 0.000010 0.000010 0.000010 0.000010 0.000011 0.000010 0.151358 0.000010 0.848561
0.000010 0.000011 0.000010 0.000013 0.000010 0.000010 0.000010 0.000018 0.999899 0.000010
0.000010 0.000010 0.000010 0.000011 0.000010 0.000010 0.000010 0.685450 0.000010 0.314470
0.000010 0.000020 0.000010 0.000010 0.000010 0.000010 0.000010 0.000010 0.000010 0.999900
0.000010 0.000010 0.000010 0.000010 0.000010 0.000010 0.000010 0.000010 0.999910 0.000010
0.999910 0.000010 0.000010 0.000010 0.000010 0.000010 0.000010 0.000010 0.000010 0.000010
0.000010 0.000010 0.000010 0.999910 0.000010 0.000010 0.000010 0.000010 0.000010 0.000010
0.000010 0.000016 0.000015 0.999893 0.000015 0.000010 0.000011 0.000010 0.000010 0.000010
0.000010 0.000010 0.000010 0.000010 0.000010 0.000010 0.799477 0.200443 0.000010 0.000010
0.000010 0.000010 0.000010 0.000010 0.000010 0.000010 0.000010 0.000010 0.999910 0.000010
0.000010 0.000010 0.000010 0.000010 0.000010 0.000010 0.000010 0.589390 0.000010 0.410530
0.000010 0.000010 0.000010 0.000010 0.000010 0.000010 0.000010 0.000010 0.999910 0.000010
0.000010 0.000010 0.000010 0.000010 0.000010 0.000010 0.000010 0.000010 0.999910 0.000010
0.000010 0.999910 0.000010 0.000010 0.000010 0.000010 0.000010 0.000010 0.000010 0.000010
0.000010 0.999910 0.000010 0.000010 0.000010 0.000010 0.000010 0.000010 0.000010 0.000010
0.000010 0.000010 0.000010 0.000010 0.000010 0.545548 0.454372 0.000010 0.000010 0.000010
0.038610 0.000010 0.000010 0.000010 0.000010 0.398133 0.563187 0.000010 0.000010 0.000010
0.000013 0.567209 0.300513 0.000020 0.000010 0.132196 0.000010 0.000010 0.000010 0.000010
0.000010 0.438315 0.000010 0.000010 0.000010 0.076396 0.282396 0.202832 0.000010 0.000010
0.000010 0.000010 0.000010 0.000010 0.000010 0.000010 0.792936 0.206984 0.000010 0.000010
0.000010 0.852224 0.000010 0.000010 0.000010 0.000010 0.000010 0.000010 0.147696 0.000010
0.000010 0.000017 0.000010 0.000014 0.000012 0.000010 0.000015 0.000010 0.000010 0.999892
0.000010 0.000010 0.000010 0.000010 0.000010 0.000010 0.000010 0.000010 0.999910 0.000010
0.000010 0.000010 0.000010 0.000010 0.000016 0.000010 0.000010 0.000010 0.999904 0.000010
