0.000010 0.000010 0.999920 0.000010 0.000010 0.000010 0.000010 0.000010 0.000010
0.000010 0.000010 0.999919 0.000010 0.000011 0.000010 0.000010 0.000010 0.000010
0.000010 0.000010 0.000010 0.000010 0.000010 0.000010 0.000010 0.412706 0.587224
0.000010 0.000010 0.000010 0.000010 0.610858 0.389072 0.000010 0.000010 0.000010
0.000010 0.000010 0.000010 0.000010 0.282959 0.716971 0.000010 0.000010 0.000010
0.000010 0.000014 0.000010 0.000010 0.484649 0.515277 0.000010 0.000010 0.000010
0.000010 0.000010 0.000010 0.226409 0.000010 0.000010 0.000010 0.773521 0.000010
0.000010 0.000010 0.000010 0.999920 0.000010 0.000010 0.000010 0.000010 0.000010
0.000010 0.000010 0.000010 0.000010 0.641646 0.358284 0.000010 0.000010 0.000010
0.000010 0.000010 0.000010 0.000010 0.167085 0.832845 0.000010 0.000010 0.000010
0.000010 0.000010 0.082759 0.000010 0.806438 0.000010 0.000010 0.000010 0.110743
0.000010 0.000010 0.077510 0.000010 0.785082 0.000010 0.000010 0.000010 0.137348
0.000010 0.000010 0.999914 0.000010 0.000010 0.000016 0.000010 0.000010 0.000010
0.000010 0.000010 0.840423 0.000010 0.159507 0.000010 0.000010 0.000010 0.000010
0.000010 0.000010 0.000010 0.999920 0.000010 0.000010 0.000010 0.000010 0.000010
0.000010 0.000010 0.000010 0.000010 0.000010 0.000010 0.999920 0.000010 0.000010
0.999911 0.000010 0.000010 0.000019 0.000010 0.000010 0.000010 0.000010 0.000010
0.000010 0.000010 0.000010 0.252217 0.000010 0.451359 0.000010 0.296364 0.000010
0.000010 0.000010 0.000010 0.816156 0.000010 0.000010 0.183774 0.000010 0.000010
0.000010 0.000010 0.000010 0.000010 0.000010 0.999920 0.000010 0.000010 0.000010
0.000010 0.000010 0.000010 0.000010 0.766496 0.000010 0.000010 0.000010 0.233434
0.000014 0.000010 0.000010 0.348071 0.000010 0.000010 0.061585 0.000010 0.590280
0.000010 0.000010 0.000010 0.253358 0.000010 0.000010 0.100587 0.000010 0.645996
0.000010 0.000010 0.000010 0.999920 0.000010 0.000010 0.000010 0.000010 0.000010
0.000010 0.000010 0.000010 0.999920 0.000010 0.000010 0.000010 0.000010 0.000010
0.000010 0.000010 0.000010 0.000010 0.259830 0.740100 0.000010 0.000010 0.000010
0.000010 0.000010 0.000010 0.000010 0.286136 0.713794 0.000010 0.000010 0.000010
0.000010 0.000010 0.000010 0.291607 0.000010 0.000010 0.708323 0.000010 0.000010
0.000010 0.000010 0.000010 0.999920 0.000010 0.000010 0.000010 0.000010 0.000010
0.000010 0.000010 0.000010 0.999920 0.000010 0.000010 0.000010 0.000010 0.000010
0.000010 0.000010 0.000010 0.000010 0.782572 0.000010 0.000010 0.000010 0.217358
0.000011 0.000010 0.000010 0.212656 0.000010 0.000010 0.235928 0.000010 0.551356
0.000010 0.000011 0.999919 0.000010 0.000010 0.000010 0.000010 0.000010 0.000010
0.000010 0.999920 0.000010 0.000010 0.000010 0.000010 0.000010 0.000010 0.000010
0.000010 0.000010 0.000010 0.299808 0.000010 0.000010 0.700122 0.000010 0.000010
0.000010 0.000010 0.000010 0.177351 0.000010 0.000010 0.000010 0.822579 0.000010
0.000010 0.000010 0.000010 0.172539 0.000010 0.000010 0.000010 0.827391 0.000010
0.000010 0.000010 0.000010 0.227701 0.000010 0.000010 0.000010 0.772229 0.000010
0.000010 0.000010 0.000010 0.000010 0.999920 0.000010 0.000010 0.000010 0.000010
0.000010 0.000010 0.000010 0.167945 0.000010 0.000010 0.000010 0.831985 0.000010
0.000010 0.000010 0.999920 0.000010 0.000010 0.000010 0.000010 0.000010 0.000010
0.999913 0.000017 0.000010 0.000010 0.000010 0.000010 0.000010 0.000010 0.000010
0.999920 0.000010 0.000010 0.000010 0.000010 0.000010 0.000010 0.000010 0.000010
0.000010 0.000010 0.000010 0.809509 0.000010 0.000010 0.190421 0.000010 0.000010
0.000010 0.000010 0.000010 0.307950 0.000010 0.000010 0.691980 0.000010 0.000010
0.010974 0.000010 0.000010 0.320500 0.000010 0.000010 0.000010 0.668466 0.000010
0.000010 0.000010 0.000010 0.000010 0.393140 0.606790 0.000010 0.000010 0.000010
0.000010 0.000010 0.000010 0.000010 0.999911 0.000010 0.000019 0.000010 0.000010
0.000010 0.000010 0.000010 0.617955 0.000010 0.000010 0.381975 0.000010 0.000010
0.000010 0.000010 0.000010 0.232051 0.000010 0.000010 0.262564 0.000010 0.505325
0.000010 0.000010 0.739299 0.000010 0.260631 0.000010 0.000010 0.000010 0.000010
0.999920 0.000010 0.000010 0.000010 0.000010 0.000010 0.000010 0.000010 0.000010
0.999920 0.000010 0.000010 0.000010 0.000010 0.000010 0.000010 0.000010 0.000010
0.000010 0.999916 0.000010 0.000014 0.000010 0.000010 0.000010 0.000010 0.000010
0.999910 0.000010 0.000010 0.000020 0.000010 0.000010 0.000010 0.000010 0.000010
0.000010 0.000010 0.000010 0.849859 0.000014 0.000010 0.150067 0.000010 0.000010
0.000010 0.000010 0.000010 0.150293 0.000010 0.000010 0.000010 0.849637 0.000010
0.000010 0.000010 0.000010 0.161689 0.000010 0.000010 0.000010 0.838241 0.000010
0.000010 0.000010 0.000010 0.157284 0.000010 0.000010 0.000010 0.842646 0.000010
0.000010 0.000010 0.072986 0.000018 0.803481 0.000010 0.000010 0.000010 0.123466
0.000010 0.000010 0.000010 0.293664 0.000010 0.000010 0.242815 0.000010 0.463461
0.000010 0.000010 0.000010 0.000010 0.000010 0.000010 0.000010 0.585817 0.414113
0.207970 0.000010 0.000010 0.103522 0.000010 0.000010 0.000010 0.688447 0.000010
0.000010 0.000010 0.000010 0.000010 0.000010 0.000010 0.999920 0.000010 0.000010
0.000010 0.000010 0.000010 0.251450 0.000010 0.439455 0.000010 0.309035 0.000010
0.000010 0.000010 0.000010 0.172474 0.000010 0.000010 0.000010 0.827456 0.000010
0.000013 0.000010 0.000010 0.000010 0.999917 0.000010 0.000010 0.000010 0.000010
0.000010 0.000010 0.000010 0.000010 0.999920 0.000010 0.000010 0.000010 0.000010
0.000010 0.000010 0.000010 0.000010 0.000010 0.999920 0.000010 0.000010 0.000010
0.026211 0.000010 0.000010 0.000010 0.000010 0.000010 0.000010 0.562923 0.410806
0.028557 0.000010 0.000010 0.000010 0.000010 0.000010 0.000010 0.548358 0.423024
0.000010 0.000010 0.162812 0.000010 0.770718 0.000010 0.000010 0.000010 0.066410
0.000010 0.000010 0.599644 0.000010 0.385622 0.014674 0.000010 0.000010 0.000010
0.000010 0.043023 0.000010 0.154011 0.000010 0.000010 0.000010 0.802906 0.000010
0.000010 0.000010 0.000010 0.000010 0.000010 0.000010 0.999920 0.000010 0.000010
0.000010 0.000010 0.000010 0.000018 0.999912 0.000010 0.000010 0.000010 0.000010
0.000010 0.000010 0.000010 0.676266 0.000010 0.000010 0.323664 0.000010 0.000010
0.000010 0.000010 0.000010 0.000018 0.000012 0.000010 0.999911 0.000010 0.000010
0.000010 0.000010 0.000010 0.000010 0.999920 0.000010 0.000010 0.000010 0.000010
0.999914 0.000016 0.000010 0.000010 0.000010 0.000010 0.000010 0.000010 0.000010
0.000010 0.999920 0.000010 0.000010 0.000010 0.000010 0.000010 0.000010 0.000010
0.000010 0.999920 0.000010 0.000010 0.000010 0.000010 0.000010 0.000010 0.000010
0.000010 0.000010 0.000010 0.167678 0.000010 0.000010 0.000180 0.832082 0.000010
0.000011 0.000010 0.000010 0.000010 0.999919 0.000010 0.000010 0.000010 0.000010
0.000010 0.000010 0.000010 0.579655 0.000010 0.000010 0.420275 0.000010 0.000010
0.000010 0.000010 0.000010 0.000010 0.999920 0.000010 0.000010 0.000010 0.000010
0.000010 0.000010 0.000010 0.000010 0.999920 0.000010 0.000010 0.000010 0.000010
0.000010 0.000010 0.000010 0.000010 0.000010 0.999920 0.000010 0.000010 0.000010
0.000010 0.000010 0.000010 0.000010 0.000010 0.999920 0.000010 0.000010 0.000010
0.000010 0.000010 0.000010 0.000010 0.000010 0.000010 0.000010 0.431874 0.568056
0.036532 0.000010 0.000010 0.000010 0.000010 0.000010 0.000010 0.554855 0.408553
0.000010 0.000010 0.000010 0.000010 0.190915 0.556600 0.000010 0.000010 0.252425
0.000010 0.000010 0.000010 0.173000 0.000010 0.432323 0.000010 0.281286 0.113341
0.000010 0.000010 0.000010 0.173490 0.000010 0.000010 0.000010 0.826440 0.000010
0.000010 0.000010 0.000010 0.000010 0.139827 0.860103 0.000010 0.000010 0.000010
0.000018 0.000010 0.000010 0.000010 0.000010 0.000010 0.999912 0.000010 0.000010
0.000010 0.000010 0.000010 0.000010 0.999920 0.000010 0.000010 0.000010 0.000010
0.000010 0.000010 0.000010 0.000010 0.999920 0.000010 0.000010 0.000010 0.000010
